spawn:
  world: world
  x: -147.5117892663301
  y: 9.0
  z: -222.60912674898304
  yaw: -90.05841
  pitch: 3.6069071
firstspawn:
  world: world
  x: -147.63626304931896
  y: 9.0
  z: -222.5240143212066
  yaw: -89.27314
  pitch: 0.4258088
